#     50%    66%    75%    80%    90%    95%    98%    99%   100%

98    600   1300   1600   1900   2400   2600   2600                # 1 minute
866    59    340    460    600   1400   1700   2000   2300   2706  # 2 minutes
1536   62    340    680    910   1500   1900   2600   2900   3427  # 5 minutes 


10 users, random projects

1905   16     28    170    320    820   1100   1400   1500   1909  # 5 minutes with koala
2731   18     22    110    250    530    760   1000   1200   1233
2148   19     73    240    340    570    920   1200   1800   2553

2295   14     18     30    140    500    750   1100   1300   1514  # 5 minutes with koala
2127   13     21    140    230    500    830   1200   1400   2033
2047   13     18     80    220    520    870   1100   1200   1652



940    11     13     14     15     18     22     29     37    535  # 5 minutes no koala
1003    9     10     11     12     14     17     20     24     36
1709   10     11     13     13     17     20     27     33    316

1052   18     23     26     29     39     52     98    440    885  # 5 minutes no koala
1336   16     19     21     22     26     30     42     61   1613
963    11     13     15     15     19     23     28     32    140



672    11     13     14     16     90    270    540    720    886  # 5 min with koala, 5 users
508     9     10     11     11     14    130    610    940    987
616    10     11     12     13     29    430    840    990   1093


370     9     10     10     11     12     14     16     22     27  # 5 min without koala, 5 users
589     8      9      9     10     11     13     17     18     22
650     9      9     10     10     12     13     17     20     26




these are using only one project 'sss' and 1 client -  1 user


experiment with one user count messages received from the same user

199      8      9     10     11     12     15     19     20     24  # 10 min, no koala, 1 user
203      7      8      9     10     11     13     17     18     22
201      8      9     10     10     12     14     16     19     36

205     10     11     11     12     14     17     25     27     29  # 10 min, koala, 1 user 
201      9     10     10     11     12     14     15     19     20
202      8      9     10     10     12     13     16     17     23


103      8      9     10     10     12     14     17     18     21  # 5 min, koala, 1 user
105      8      9     10     11     13     15     18     20     23
98       8      9     10     11     12     13     14     20     20


103      9     10     12     12     14     16     17     17     21 # 5 min, no koala, 1 user
104      8      9     10     11     13     16     19     22     23
100      8      9     10     10     12     17     18     26     26

experiment with two and more users don't count messages received from the same user

203      8     10     11     12     14     17     20     23     29 # 5 min, no koala, 2 users
203      8      9      9     10     12     14     17     20     24 
206      8      9     10     11     13     15     17     19     27

199     11     12     13     13     16     19     23     28     38 # 5 min, with koala, 2 users
204     10     11     11     12     14     17     21     22     22
206      9     10     11     12     14     16     20     20     22




2026     9     10     11     12     15     17     19     22     26 # 5 min, with koala, 5 users
2006     9     10     11     11     13     16     20     23     31
1961     9     10     11     12     14     16     20     25   1145 <- why so long?
2022     10    11     12     12     14     18     22     29     38
 

1179     9      9     10     11     13     15     20     24     49 # 5 min, without koala, 5 users
1182     8      9     10     11     13     15     17     19     25
2022     8      9      9     10     12     13     16     20     26
1218     8      8      9     10     11     14     18     21     26
2003     8      9     10     11     13     15     19     22     36


# set min/max wait to constant 2000
2975    10     11     12     13     16     19     23     26     35 # 5 min, without koala, 5 users
2989     9     10     11     12     14     16     19     21     29
2977    10     12     13     14     17     21     26     30     47
 896     8      9      9     10     12     13     16     21     36  ??? why so few requests
2961     9     10     11     12     14     17     21     40    703  <- why so long?
2979    10     11     12     13     15     18     21     22     44


1792    12     13     14     15     17     20     23     29    311 # 5 min, with koala, 5 users 
2989    12     13     14     15     17     19     23     25    608
2976    13     14     16     17     21     23     29     35    405
3004    13     15     18     19     23     26     30     33     58
2994    12     14     15     15     18     21     27     30    375



4 minutes and 2 seconds between tasks, hatch rate = nr users => 5 users/seconds (with koala)
2351     10     11     12     13     15     16     21     23     33
2350     11     12     13     14     16     17     19     21     43
2299     13     14     15     16     19     21     25     29     53

now 2 minutes and 1 second between tasks
2282     11     12     12     13     15     17     20     22     33
2252     12     13     14     15     17     20     23     26     98
2313     12     14     16     17     22     28     36     39     66


2335     10     11     12     13     15     16     19     21     27
2294     12     13     15     16     20     23     29     33     52
2275     11     13     14     14     17     20     22     25     37
2248     11     12     13     14     17     19     22     24     43
2196     11     13     14     15     19     23     28     37     57


pos triggered: 2377, pos_registered: 7126 #
